32
00001000000000000100010010100000
00000000000000000000010101010110
00010101000010100010001000000000
00101000100010010001000010010001
10010000100000100000100100000000
00100000000000001000001011000000
00000000000010000000000000001100
00100000010101001010100100000000
00011000010000010000000010000000
00000001100001000010011001001000
00000000000010001100100110000000
00000001000000000000000000000110
00110010001000100001000010000010
00000001010000100000000110101000
00101000000011000000000001000000
00010000100000000000000011100000
00000101001000000110110010100100
10000000001000001001000110010000
00100001010000001000000000000000
00010000000010000100001000101000
00001001001000001000000000000000
11000000010000001000000000100000
00100100010000000001000000000000
01001001001001000100000000001000
10010100101011011100000000010000
01000100010000110000000000010001
10000000000001011001010000010010
01010000000000000100000011100010
00000010010001000001000100000000
01000010000100001000000000000000
01000000000110000000000000110000
00010000000000000000000001000000
