50
00110110111000000000000001000000000000000000000000
00101000010011000000000000000000000000000000000000
11000000000000011000010000000000000000000100000000
10000001001000000000000000100000010000000000000000
01000000100101100000000000000000000000001000000000
10000010000000000000111000000010000000000000000000
10000100010000000010000000000000000000000000000000
00010000000100000101000000000000000000000000000000
10001000000000010000000000000000010000000000000000
11000010000000000000000000000000000010000000001000
10010000000000000010000100000000000000010000010000
00001001000000001000001000000000100000000010000000
01000000000000000100000010011000000000000001000000
01001000000000000001000000000000000000000000000000
00001000000000010001000000000000000000000000000000
00100000100000100010000000000000000000000000000000
00100000000100000000100000000000000000000000000100
00000001000010000000000000001100000000000000000000
00000010001000010000000000000000000000000000000000
00000001000001100000000100000000000000100000100000
00000100000000001000000010000000000000000000000000
00100100000000000000000000000000000000000000000001
00000100000100000000000000000000000000000000000000
00000000001000000001000000000000000000000000000000
00000000000010000000100000100000000000000000000000
10000000000000000000000000000000000100000000000000
00010000000000000000000010000000000100000000000000
00000000000010000000000000000001000010000000000000
00000000000010000100000000000000000000000000000000
00000000000000000100000000000000101000000000000000
00000100000000000000000000000000001000000000000000
00000000000000000000000000010000001001000000000000
00000000000100000000000000000100000000000000000000
00010000100000000000000000000000000000000000000000
00000000000000000000000000000111000000000000000000
00000000000000000000000001100000000001000000000000
00000000010000000000000000010000000000000000000000
00000000000000000000000000000001000100000000000010
00000000000000000001000000000000000000000000000000
00000000001000000000000000000000000000000000000000
00001000000000000000000000000000000000000000000000
00100000000000000000000000000000000000000000000000
00000000000100000000000000000000000000000000000000
00000000000010000000000000000000000000000000000000
00000000000000000001000000000000000000000000000000
00000000001000000000000000000000000000000000000000
00000000010000000000000000000000000000000000000000
00000000000000001000000000000000000000000000000000
00000000000000000000000000000000000001000000000000
00000000000000000000010000000000000000000000000000
