50
00100000001000000000001010100000000000000000000000
00000000010000000000001000000000000000000000000000
10000000000000010100000000000000000000000000000000
00000000000000000000100000000000000000000100000000
00000000000000000000000000000100110000000000000000
00000000000000100000000000000000000000000000000100
00000000000000010000000000000000000001000000000000
00000000000000000000000000000010000000000000000000
00000000000000010000001000001000000000000000000100
01000000000001000000000000000001100100000100000000
10000000000000000100000000000000000000000100100000
00000000000000000100000000000001000001000000000000
00000000000000010000000000000000000000000000000000
00000000010000000001000000000000000000000001000000
00000100000000000001000010000000000000000000010110
00100010100010000000000000100000000000000000001000
00000000000000000000000000000000000000000001000000
00100000001100000000010000000000000000000000000000
00000000000000000000000000000000000001000000000000
00000000000001100000000000000000000000100000000000
00010000000000000000000001000000000000100000000000
00000000000000000100000010000000001100000101000000
11000000100000000000000000000000000000000011000000
00000000000000000000000000000000000000000000000000
10000000000000100000010000100010000000000000000000
00000000000000000000100000000000010000010000000000
10000000000000010000000010000000000000000000000000
00000000000000000000000000000010000000000000000010
00000000100000000000000000000000000001100100100000
00001000000000000000000000000000000000000010000100
00000001000000000000000010010001000000000100000000
00000000010100000000000000000010000000000100000000
00001000010000000000000000000000000000000000000000
00001000000000000000000001000000000000000000000010
00000000000000000000010000000000000000000000000000
00000000010000000000010000000000000000000000000000
00000000000000000000000000000000000000000000000000
00000010000100000010000000001000000000000100000001
00000000000000000001100000001000000000000000000000
00000000000000000000000001000000000000000000000000
00000000000000000000000000000000000000000000000000
00010000011000000000010000001011000001000000000000
00000000000000000000001000000100000000000000000000
00000000000001001000011000000000000000000000000000
00000000001000000000000000001000000000000000000000
00000000000000100000000000000000000000000000000000
00000000000000010000000000000000000000000000000000
00000100100000100000000000000100000000000000000000
00000000000000100000000000010000010000000000000000
00000000000000000000000000000000000001000000000000
