32
01100100110010010111010000000000
10010010010000010010001001101000
10000101000010101001010000000001
01001001101000000000000001100010
00010000100100000001001101010000
10100001000000011000100010000100
01000000100010001100011010000000
00110100000000000010100001010000
10011010001000000000100100000000
11000000001010011100000000000000
00010000110001110000000100000000
00001000000011000010110000000001
10100010010101000000000010000000
00000000001110000000001010001000
00100000001000000101100000100000
11000100011000000000000000100000
00100110010000000000000100010000
10000010010000100000001000000000
11000001000100000000000000010000
10101000000000100000010000000000
00000101100100100000000000000000
10100010000100000001000000000000
01001010000001000100000000000000
00001000101000001000000000000100
00000110000011000000000000000010
01011001000000000000000000000000
01010000000000110000000000000000
00001001000000001010000000000000
01000000000001000000000000000110
00000100000000000000000100001000
00010000000000000000000010001000
00100000000100000000000000000000
